# Actor-Critic snapshot
[ACTOR]  state  action  logit  probability
state	action	logit	probability
(0, 0, 9, 9)	0	-2.002953	0.006873
(0, 0, 9, 9)	1	2.814000	0.849416
(0, 0, 9, 9)	2	-1.787120	0.008529
(0, 0, 9, 9)	3	0.976073	0.135182
(0, 1, 9, 9)	0	-0.539454	0.057137
(0, 1, 9, 9)	1	-2.220818	0.010634
(0, 1, 9, 9)	2	0.763083	0.210184
(0, 1, 9, 9)	3	1.997190	0.722046
(0, 2, 9, 9)	0	-1.042419	0.028689
(0, 2, 9, 9)	1	-2.137317	0.009598
(0, 2, 9, 9)	2	0.959473	0.212383
(0, 2, 9, 9)	3	2.220263	0.749330
(0, 3, 9, 9)	0	-2.102433	0.014780
(0, 3, 9, 9)	1	-0.217830	0.097307
(0, 3, 9, 9)	2	0.618774	0.224635
(0, 3, 9, 9)	3	1.701489	0.663277
(0, 4, 9, 9)	0	-1.170539	0.052508
(0, 4, 9, 9)	1	-0.604144	0.092515
(0, 4, 9, 9)	2	0.605971	0.310283
(0, 4, 9, 9)	3	1.168712	0.544694
(0, 5, 9, 9)	0	-0.573499	0.124431
(0, 5, 9, 9)	1	0.714312	0.451044
(0, 5, 9, 9)	2	0.179775	0.264285
(0, 5, 9, 9)	3	-0.320588	0.160239
(1, 0, 9, 9)	0	0.179074	0.034743
(1, 0, 9, 9)	1	3.491082	0.953361
(1, 0, 9, 9)	2	-1.099395	0.009675
(1, 0, 9, 9)	3	-2.570761	0.002221
(1, 5, 9, 9)	0	0.250000	0.296923
(1, 5, 9, 9)	1	0.250000	0.296923
(1, 5, 9, 9)	2	-0.750000	0.109232
(1, 5, 9, 9)	3	0.250000	0.296923
(2, 0, 9, 9)	0	-0.351811	0.052604
(2, 0, 9, 9)	1	0.882371	0.180723
(2, 0, 9, 9)	2	-2.852383	0.004315
(2, 0, 9, 9)	3	2.321822	0.762358
(2, 1, 9, 9)	0	-0.925144	0.018946
(2, 1, 9, 9)	1	-2.156528	0.005530
(2, 1, 9, 9)	2	0.122375	0.054006
(2, 1, 9, 9)	3	2.959298	0.921518
(2, 2, 9, 9)	0	-1.725720	0.012182
(2, 2, 9, 9)	1	-1.215274	0.020295
(2, 2, 9, 9)	2	0.403846	0.102463
(2, 2, 9, 9)	3	2.537148	0.865061
(2, 3, 9, 9)	0	-1.629353	0.007470
(2, 3, 9, 9)	1	3.189063	0.924500
(2, 3, 9, 9)	2	0.506164	0.063203
(2, 3, 9, 9)	3	-2.065873	0.004827
(3, 0, 9, 9)	0	0.450021	0.102167
(3, 0, 9, 9)	1	2.587878	0.866501
(3, 0, 9, 9)	2	-1.959044	0.009185
(3, 0, 9, 9)	3	-1.078856	0.022148
(3, 3, 9, 9)	0	0.208350	0.083421
(3, 3, 9, 9)	1	2.567438	0.882700
(3, 3, 9, 9)	2	-1.324775	0.018007
(3, 3, 9, 9)	3	-1.451014	0.015872
(4, 0, 9, 9)	0	-0.187819	0.038747
(4, 0, 9, 9)	1	-2.051116	0.006012
(4, 0, 9, 9)	2	-0.754886	0.021977
(4, 0, 9, 9)	3	2.993822	0.933265
(4, 1, 9, 9)	0	-1.600748	0.018015
(4, 1, 9, 9)	1	2.172728	0.784234
(4, 1, 9, 9)	2	0.652658	0.171509
(4, 1, 9, 9)	3	-1.224638	0.026241
(4, 3, 9, 9)	0	-0.058021	0.090518
(4, 3, 9, 9)	1	-1.445944	0.022593
(4, 3, 9, 9)	2	-0.662828	0.049439
(4, 3, 9, 9)	3	2.166793	0.837450
(4, 4, 9, 9)	0	-1.171012	0.028948
(4, 4, 9, 9)	1	-1.317074	0.025014
(4, 4, 9, 9)	2	0.318107	0.128333
(4, 4, 9, 9)	3	2.169980	0.817705
(4, 5, 9, 9)	0	-1.238335	0.034657
(4, 5, 9, 9)	1	-0.759628	0.055935
(4, 5, 9, 9)	2	0.131445	0.136356
(4, 5, 9, 9)	3	1.866518	0.773051
(4, 6, 9, 9)	0	-0.683659	0.107862
(4, 6, 9, 9)	1	-0.425770	0.139595
(4, 6, 9, 9)	2	0.405559	0.320561
(4, 6, 9, 9)	3	0.703870	0.431982
(4, 7, 9, 9)	0	0.309711	0.318067
(4, 7, 9, 9)	1	-0.669279	0.119495
(4, 7, 9, 9)	2	0.063034	0.248535
(4, 7, 9, 9)	3	0.296533	0.313903
(4, 8, 9, 9)	0	-0.750000	0.109232
(4, 8, 9, 9)	1	0.250000	0.296923
(4, 8, 9, 9)	2	0.250000	0.296923
(4, 8, 9, 9)	3	0.250000	0.296923
(5, 1, 9, 9)	0	0.402086	0.246371
(5, 1, 9, 9)	1	1.274746	0.589632
(5, 1, 9, 9)	2	-0.296100	0.122566
(5, 1, 9, 9)	3	-1.380733	0.041431
(6, 0, 9, 9)	0	-0.713525	0.113905
(6, 0, 9, 9)	1	0.276265	0.306479
(6, 0, 9, 9)	2	0.277011	0.306708
(6, 0, 9, 9)	3	0.160249	0.272908
(6, 1, 9, 9)	0	0.083831	0.248959
(6, 1, 9, 9)	1	-0.767905	0.106224
(6, 1, 9, 9)	2	0.316480	0.314171
(6, 1, 9, 9)	3	0.367594	0.330647
(6, 2, 9, 9)	0	0.252872	0.297988
(6, 2, 9, 9)	1	-0.746128	0.109733
(6, 2, 9, 9)	2	0.252872	0.297988
(6, 2, 9, 9)	3	0.240383	0.294290
(6, 3, 9, 9)	0	0.250000	0.296923
(6, 3, 9, 9)	1	-0.750000	0.109232
(6, 3, 9, 9)	2	0.250000	0.296923
(6, 3, 9, 9)	3	0.250000	0.296923
(7, 0, 9, 9)	0	-0.029527	0.242691
(7, 0, 9, 9)	1	0.009842	0.252436
(7, 0, 9, 9)	2	0.009842	0.252436
(7, 0, 9, 9)	3	0.009842	0.252436

[CRITIC]  state  value
state	value
(0, 0, 9, 9)	-19.945605
(0, 1, 9, 9)	-19.210262
(0, 2, 9, 9)	-20.365142
(0, 3, 9, 9)	-15.285573
(0, 4, 9, 9)	-11.829622
(0, 5, 9, 9)	-10.110151
(1, 0, 9, 9)	-20.968034
(1, 5, 9, 9)	-5.000000
(2, 0, 9, 9)	-19.906276
(2, 1, 9, 9)	-19.275599
(2, 2, 9, 9)	-18.228977
(2, 3, 9, 9)	-19.753050
(3, 0, 9, 9)	-17.725554
(3, 3, 9, 9)	-17.058487
(4, 0, 9, 9)	-18.154366
(4, 1, 9, 9)	-17.964946
(4, 3, 9, 9)	-17.028734
(4, 4, 9, 9)	-20.157182
(4, 5, 9, 9)	-15.327156
(4, 6, 9, 9)	-7.931259
(4, 7, 9, 9)	-5.945449
(4, 8, 9, 9)	-5.000000
(5, 1, 9, 9)	-13.061829
(6, 0, 9, 9)	-5.425907
(6, 1, 9, 9)	-4.158401
(6, 2, 9, 9)	-5.045000
(6, 3, 9, 9)	-5.000000
(7, 0, 9, 9)	-0.196850
