# Actor-Critic snapshot
[ACTOR]  state  action  logit  probability
state	action	logit	probability
(0, 0, 9, 9)	0	-2.002374	0.006935
(0, 0, 9, 9)	1	2.802453	0.846733
(0, 0, 9, 9)	2	-1.786408	0.008607
(0, 0, 9, 9)	3	0.986329	0.137725
(0, 1, 9, 9)	0	-0.539454	0.057137
(0, 1, 9, 9)	1	-2.220818	0.010634
(0, 1, 9, 9)	2	0.763083	0.210184
(0, 1, 9, 9)	3	1.997190	0.722046
(0, 2, 9, 9)	0	-1.042419	0.028689
(0, 2, 9, 9)	1	-2.137317	0.009598
(0, 2, 9, 9)	2	0.959473	0.212383
(0, 2, 9, 9)	3	2.220263	0.749330
(0, 3, 9, 9)	0	-2.102433	0.014780
(0, 3, 9, 9)	1	-0.217830	0.097307
(0, 3, 9, 9)	2	0.618774	0.224635
(0, 3, 9, 9)	3	1.701489	0.663277
(0, 4, 9, 9)	0	-1.170539	0.052508
(0, 4, 9, 9)	1	-0.604144	0.092515
(0, 4, 9, 9)	2	0.605971	0.310283
(0, 4, 9, 9)	3	1.168712	0.544694
(0, 5, 9, 9)	0	-0.573499	0.124431
(0, 5, 9, 9)	1	0.714312	0.451044
(0, 5, 9, 9)	2	0.179775	0.264285
(0, 5, 9, 9)	3	-0.320588	0.160239
(1, 0, 9, 9)	0	0.170441	0.034169
(1, 0, 9, 9)	1	3.499827	0.954031
(1, 0, 9, 9)	2	-1.099493	0.009596
(1, 0, 9, 9)	3	-2.570774	0.002204
(1, 5, 9, 9)	0	0.250000	0.296923
(1, 5, 9, 9)	1	0.250000	0.296923
(1, 5, 9, 9)	2	-0.750000	0.109232
(1, 5, 9, 9)	3	0.250000	0.296923
(2, 0, 9, 9)	0	-0.352307	0.052493
(2, 0, 9, 9)	1	0.880241	0.180048
(2, 0, 9, 9)	2	-2.852403	0.004308
(2, 0, 9, 9)	3	2.324469	0.763150
(2, 1, 9, 9)	0	-0.925470	0.018916
(2, 1, 9, 9)	1	-2.156610	0.005523
(2, 1, 9, 9)	2	0.121340	0.053882
(2, 1, 9, 9)	3	2.960740	0.921680
(2, 2, 9, 9)	0	-1.724882	0.012277
(2, 2, 9, 9)	1	-1.213897	0.020464
(2, 2, 9, 9)	2	0.410490	0.103863
(2, 2, 9, 9)	3	2.528288	0.863396
(2, 3, 9, 9)	0	-1.630313	0.007396
(2, 3, 9, 9)	1	3.199368	0.925729
(2, 3, 9, 9)	2	0.497429	0.062094
(2, 3, 9, 9)	3	-2.066484	0.004781
(3, 0, 9, 9)	0	0.450021	0.102167
(3, 0, 9, 9)	1	2.587878	0.866501
(3, 0, 9, 9)	2	-1.959044	0.009185
(3, 0, 9, 9)	3	-1.078856	0.022148
(3, 3, 9, 9)	0	0.035147	0.061182
(3, 3, 9, 9)	1	2.733829	0.909171
(3, 3, 9, 9)	2	-1.321159	0.015761
(3, 3, 9, 9)	3	-1.447817	0.013886
(4, 0, 9, 9)	0	-0.187819	0.038747
(4, 0, 9, 9)	1	-2.051116	0.006012
(4, 0, 9, 9)	2	-0.754886	0.021977
(4, 0, 9, 9)	3	2.993822	0.933265
(4, 1, 9, 9)	0	-1.600748	0.018015
(4, 1, 9, 9)	1	2.172728	0.784234
(4, 1, 9, 9)	2	0.652658	0.171509
(4, 1, 9, 9)	3	-1.224638	0.026241
(4, 3, 9, 9)	0	-0.072526	0.089037
(4, 3, 9, 9)	1	-1.442424	0.022627
(4, 3, 9, 9)	2	-0.655227	0.049717
(4, 3, 9, 9)	3	2.170177	0.838618
(4, 4, 9, 9)	0	-1.176696	0.028041
(4, 4, 9, 9)	1	-1.321979	0.024250
(4, 4, 9, 9)	2	0.292673	0.121882
(4, 4, 9, 9)	3	2.206003	0.825827
(4, 5, 9, 9)	0	-1.252057	0.032136
(4, 5, 9, 9)	1	-0.781805	0.051430
(4, 5, 9, 9)	2	0.077581	0.121463
(4, 5, 9, 9)	3	1.956281	0.794972
(4, 6, 9, 9)	0	-0.565024	0.096510
(4, 6, 9, 9)	1	-1.085986	0.057322
(4, 6, 9, 9)	2	0.401324	0.253661
(4, 6, 9, 9)	3	1.249687	0.592506
(4, 7, 9, 9)	0	0.592127	0.351669
(4, 7, 9, 9)	1	-1.444614	0.045876
(4, 7, 9, 9)	2	0.277233	0.256671
(4, 7, 9, 9)	3	0.575253	0.345784
(4, 8, 9, 9)	0	-0.750000	0.109232
(4, 8, 9, 9)	1	0.250000	0.296923
(4, 8, 9, 9)	2	0.250000	0.296923
(4, 8, 9, 9)	3	0.250000	0.296923
(5, 1, 9, 9)	0	0.402086	0.246371
(5, 1, 9, 9)	1	1.274746	0.589632
(5, 1, 9, 9)	2	-0.296100	0.122566
(5, 1, 9, 9)	3	-1.380733	0.041431
(6, 0, 9, 9)	0	-0.713525	0.113905
(6, 0, 9, 9)	1	0.276265	0.306479
(6, 0, 9, 9)	2	0.277011	0.306708
(6, 0, 9, 9)	3	0.160249	0.272908
(6, 1, 9, 9)	0	0.083831	0.248959
(6, 1, 9, 9)	1	-0.767905	0.106224
(6, 1, 9, 9)	2	0.316480	0.314171
(6, 1, 9, 9)	3	0.367594	0.330647
(6, 2, 9, 9)	0	0.252872	0.297988
(6, 2, 9, 9)	1	-0.746128	0.109733
(6, 2, 9, 9)	2	0.252872	0.297988
(6, 2, 9, 9)	3	0.240383	0.294290
(6, 3, 9, 9)	0	0.250000	0.296923
(6, 3, 9, 9)	1	-0.750000	0.109232
(6, 3, 9, 9)	2	0.250000	0.296923
(6, 3, 9, 9)	3	0.250000	0.296923
(7, 0, 9, 9)	0	-0.029527	0.242691
(7, 0, 9, 9)	1	0.009842	0.252436
(7, 0, 9, 9)	2	0.009842	0.252436
(7, 0, 9, 9)	3	0.009842	0.252436

[CRITIC]  state  value
state	value
(0, 0, 9, 9)	-20.301099
(0, 1, 9, 9)	-19.210262
(0, 2, 9, 9)	-20.365142
(0, 3, 9, 9)	-15.285573
(0, 4, 9, 9)	-11.829622
(0, 5, 9, 9)	-10.110151
(1, 0, 9, 9)	-20.853330
(1, 5, 9, 9)	-5.000000
(2, 0, 9, 9)	-19.837608
(2, 1, 9, 9)	-19.155189
(2, 2, 9, 9)	-18.535219
(2, 3, 9, 9)	-18.998732
(3, 0, 9, 9)	-17.725554
(3, 3, 9, 9)	-18.001847
(4, 0, 9, 9)	-18.154366
(4, 1, 9, 9)	-17.964946
(4, 3, 9, 9)	-17.762197
(4, 4, 9, 9)	-19.139783
(4, 5, 9, 9)	-13.240612
(4, 6, 9, 9)	-13.342159
(4, 7, 9, 9)	-10.383451
(4, 8, 9, 9)	-5.000000
(5, 1, 9, 9)	-13.061829
(6, 0, 9, 9)	-5.425907
(6, 1, 9, 9)	-4.158401
(6, 2, 9, 9)	-5.045000
(6, 3, 9, 9)	-5.000000
(7, 0, 9, 9)	-0.196850
